list(seed = 123456)
